-10.0 5.00000e-02	1.0000e+04	1.000e+07	4.323e+04	4.518e-15	5.354e-08	1.000e+00
-9.9 5.00000e-02	1.0000e+04	1.000e+07	4.736e+04	5.686e-15	6.738e-08	1.000e+00
-9.8 5.00000e-02	1.0000e+04	1.000e+07	5.203e+04	7.157e-15	8.479e-08	1.000e+00
-9.7 5.00000e-02	1.0000e+04	1.000e+07	5.729e+04	9.007e-15	1.067e-07	1.000e+00
-9.6 5.00000e-02	1.0000e+04	1.000e+07	6.322e+04	1.134e-14	1.342e-07	1.000e+00
-9.5 5.00000e-02	1.0000e+04	1.000e+07	6.989e+04	1.427e-14	1.689e-07	1.000e+00
-9.4 5.00000e-02	1.0000e+04	1.000e+07	7.740e+04	2.552e-14	2.125e-07	1.000e+00
-9.3 5.00000e-02	1.0000e+04	1.000e+07	8.583e+04	2.985e-14	2.673e-07	1.000e+00
-9.2 5.00000e-02	1.0000e+04	1.000e+07	9.531e+04	3.538e-14	3.362e-07	1.000e+00
-9.1 5.00000e-02	1.0000e+04	1.000e+07	1.059e+05	4.241e-14	4.229e-07	1.000e+00
-9.0 5.00000e-02	1.0000e+04	1.000e+07	1.179e+05	5.134e-14	5.318e-07	1.000e+00
-8.9 5.00000e-02	1.0000e+04	1.000e+07	1.313e+05	6.264e-14	6.687e-07	1.000e+00
-8.8 5.00000e-02	1.0000e+04	1.000e+07	1.463e+05	7.693e-14	8.407e-07	1.000e+00
-8.7 5.00000e-02	1.0000e+04	1.000e+07	1.631e+05	9.496e-14	1.057e-06	1.000e+00
-8.6 5.00000e-02	1.0000e+04	1.000e+07	1.820e+05	1.177e-13	1.328e-06	1.000e+00
-8.5 5.00000e-02	1.0000e+04	1.000e+07	2.031e+05	1.463e-13	1.669e-06	1.000e+00
-8.4 5.00000e-02	1.0000e+04	1.000e+07	2.267e+05	1.823e-13	2.096e-06	1.000e+00
-8.3 5.00000e-02	1.0000e+04	1.000e+07	2.532e+05	2.275e-13	2.633e-06	1.000e+00
-8.2 5.00000e-02	1.0000e+04	1.000e+07	2.829e+05	2.843e-13	3.306e-06	1.000e+00
-8.1 5.00000e-02	1.0000e+04	1.000e+07	3.160e+05	3.556e-13	4.149e-06	1.000e+00
-8.0 5.00000e-02	1.0000e+04	1.000e+07	3.531e+05	4.451e-13	5.206e-06	1.000e+00
-7.9 5.00000e-02	1.0000e+04	1.000e+07	3.946e+05	5.571e-13	6.529e-06	1.000e+00
-7.8 5.00000e-02	1.0000e+04	1.000e+07	4.409e+05	6.975e-13	8.185e-06	1.000e+00
-7.7 5.00000e-02	1.0000e+04	1.000e+07	4.926e+05	8.730e-13	1.025e-05	1.000e+00
-7.6 5.00000e-02	1.0000e+04	1.000e+07	5.504e+05	1.092e-12	1.284e-05	1.000e+00
-7.5 5.00000e-02	1.0000e+04	1.000e+07	6.147e+05	1.367e-12	1.607e-05	1.000e+00
-7.4 5.00000e-02	1.0000e+04	1.000e+07	6.865e+05	1.708e-12	2.009e-05	1.000e+00
-7.3 5.00000e-02	1.0000e+04	1.000e+07	7.664e+05	2.134e-12	2.510e-05	1.000e+00
-7.2 5.00000e-02	1.0000e+04	1.000e+07	8.554e+05	2.664e-12	3.134e-05	1.000e+00
-7.1 5.00000e-02	1.0000e+04	1.000e+07	9.542e+05	3.322e-12	3.908e-05	1.000e+00
-7.0 5.00000e-02	1.0000e+04	1.000e+07	1.064e+06	4.139e-12	4.868e-05	1.000e+00
-6.9 5.00000e-02	1.0000e+04	1.000e+07	1.186e+06	5.149e-12	6.055e-05	1.000e+00
-6.8 5.00000e-02	1.0000e+04	1.000e+07	1.320e+06	6.398e-12	7.521e-05	1.000e+00
-6.7 5.00000e-02	1.0000e+04	1.000e+07	1.469e+06	7.936e-12	9.328e-05	1.000e+00
-6.6 5.00000e-02	1.0000e+04	1.000e+07	1.633e+06	9.826e-12	1.155e-04	1.000e+00
-6.5 5.00000e-02	1.0000e+04	1.000e+07	1.814e+06	1.214e-11	1.427e-04	1.000e+00
-6.4 5.00000e-02	1.0000e+04	1.000e+07	2.012e+06	1.497e-11	1.758e-04	1.000e+00
-6.3 5.00000e-02	1.0000e+04	1.000e+07	2.230e+06	1.841e-11	2.162e-04	1.000e+00
-6.2 5.00000e-02	1.0000e+04	1.000e+07	2.467e+06	2.258e-11	2.651e-04	1.000e+00
-6.1 5.00000e-02	1.0000e+04	1.000e+07	2.725e+06	2.761e-11	3.240e-04	1.000e+00
-6.0 5.00000e-02	1.0000e+04	1.000e+07	3.005e+06	3.364e-11	3.945e-04	1.000e+00
-5.9 5.00000e-02	1.0000e+04	1.000e+07	3.307e+06	4.082e-11	4.787e-04	1.000e+00
-5.8 5.00000e-02	1.0000e+04	1.000e+07	3.631e+06	4.933e-11	5.782e-04	1.000e+00
-5.7 5.00000e-02	1.0000e+04	1.000e+07	3.977e+06	5.933e-11	6.952e-04	1.000e+00
-5.6 5.00000e-02	1.0000e+04	1.000e+07	4.344e+06	7.099e-11	8.315e-04	1.000e+00
-5.5 5.00000e-02	1.0000e+04	1.000e+07	4.730e+06	8.446e-11	9.888e-04	1.000e+00
-5.4 5.00000e-02	1.0000e+04	1.000e+07	5.134e+06	9.985e-11	1.169e-03	1.000e+00
-5.3 5.00000e-02	1.0000e+04	1.000e+07	5.553e+06	1.173e-10	1.372e-03	1.000e+00
-5.2 5.00000e-02	1.0000e+04	1.000e+07	5.982e+06	1.367e-10	1.599e-03	1.000e+00
-5.1 5.00000e-02	1.0000e+04	1.000e+07	6.417e+06	1.582e-10	1.850e-03	1.000e+00
-5.0 5.00000e-02	1.0000e+04	1.000e+07	6.853e+06	1.815e-10	2.122e-03	1.000e+00
-4.9 5.00000e-02	1.0000e+04	1.000e+07	7.285e+06	2.066e-10	2.416e-03	1.000e+00
-4.8 5.00000e-02	1.0000e+04	1.000e+07	7.707e+06	2.332e-10	2.727e-03	1.000e+00
-4.7 5.00000e-02	1.0000e+04	1.000e+07	8.112e+06	2.610e-10	3.052e-03	1.000e+00
-4.6 5.00000e-02	1.0000e+04	1.000e+07	8.497e+06	2.897e-10	3.390e-03	1.000e+00
-4.5 5.00000e-02	1.0000e+04	1.000e+07	8.857e+06	3.192e-10	3.738e-03	1.000e+00
-4.4 5.00000e-02	1.0000e+04	1.000e+07	9.188e+06	3.492e-10	4.094e-03	1.000e+00
-4.3 5.00000e-02	1.0000e+04	1.000e+07	9.490e+06	3.798e-10	4.459e-03	1.000e+00
-4.2 5.00000e-02	1.0000e+04	1.000e+07	9.761e+06	4.111e-10	4.834e-03	1.000e+00
-4.1 5.00000e-02	1.0000e+04	1.000e+07	1.000e+07	4.434e-10	5.225e-03	1.000e+00
-4.0 5.00000e-02	1.0000e+04	1.000e+07	1.022e+07	4.770e-10	5.636e-03	1.000e+00
-3.9 5.00000e-02	1.0000e+04	1.000e+07	1.041e+07	5.124e-10	6.073e-03	1.000e+00
-3.8 5.00000e-02	1.0000e+04	1.000e+07	1.058e+07	5.502e-10	6.543e-03	1.000e+00
-3.7 5.00000e-02	1.0000e+04	1.000e+07	1.073e+07	5.909e-10	7.053e-03	1.000e+00
-3.6 5.00000e-02	1.0000e+04	1.000e+07	1.086e+07	6.349e-10	7.609e-03	1.000e+00
-3.5 5.00000e-02	1.0000e+04	1.000e+07	1.099e+07	6.826e-10	8.213e-03	1.000e+00
-3.4 5.00000e-02	1.0000e+04	1.000e+07	1.110e+07	7.341e-10	8.867e-03	1.000e+00
-3.3 5.00000e-02	1.0000e+04	1.000e+07	1.120e+07	7.892e-10	9.569e-03	1.000e+00
-3.2 5.00000e-02	1.0000e+04	1.000e+07	1.130e+07	8.477e-10	1.031e-02	1.000e+00
-3.1 5.00000e-02	1.0000e+04	1.000e+07	1.139e+07	9.090e-10	1.110e-02	1.000e+00
-3.0 5.00000e-02	1.0000e+04	1.000e+07	1.147e+07	9.726e-10	1.191e-02	1.000e+00
-2.9 5.00000e-02	1.0000e+04	1.000e+07	1.155e+07	1.038e-09	1.274e-02	1.000e+00
-2.8 5.00000e-02	1.0000e+04	1.000e+07	1.162e+07	1.105e-09	1.360e-02	1.000e+00
-2.7 5.00000e-02	1.0000e+04	1.000e+07	1.168e+07	1.173e-09	1.447e-02	1.000e+00
-2.6 5.00000e-02	1.0000e+04	1.000e+07	1.173e+07	1.243e-09	1.535e-02	1.000e+00
-2.5 5.00000e-02	1.0000e+04	1.000e+07	1.178e+07	1.314e-09	1.626e-02	1.000e+00
-2.4 5.00000e-02	1.0000e+04	1.000e+07	1.182e+07	1.386e-09	1.720e-02	1.000e+00
-2.3 5.00000e-02	1.0000e+04	1.000e+07	1.186e+07	1.462e-09	1.817e-02	1.000e+00
-2.2 5.00000e-02	1.0000e+04	1.000e+07	1.189e+07	1.540e-09	1.920e-02	1.000e+00
-2.1 5.00000e-02	1.0000e+04	1.000e+07	1.191e+07	1.622e-09	2.029e-02	1.000e+00
-2.0 5.00000e-02	1.0000e+04	1.000e+07	1.193e+07	1.708e-09	2.145e-02	1.000e+00
-1.9 5.00000e-02	1.0000e+04	1.000e+07	1.195e+07	1.798e-09	2.268e-02	1.000e+00
-1.8 5.00000e-02	1.0000e+04	1.000e+07	1.197e+07	1.892e-09	2.399e-02	1.000e+00
-1.7 5.00000e-02	1.0000e+04	1.000e+07	1.198e+07	1.989e-09	2.538e-02	1.000e+00
-1.6 5.00000e-02	1.0000e+04	1.000e+07	1.199e+07	2.089e-09	2.684e-02	1.000e+00
-1.5 5.00000e-02	1.0000e+04	1.000e+07	1.200e+07	2.195e-09	2.839e-02	1.000e+00
-1.4 5.00000e-02	1.0000e+04	1.000e+07	1.201e+07	2.308e-09	3.005e-02	1.000e+00
-1.3 5.00000e-02	1.0000e+04	1.000e+07	1.202e+07	2.433e-09	3.184e-02	1.000e+00
-1.2 5.00000e-02	1.0000e+04	1.000e+07	1.202e+07	2.572e-09	3.379e-02	1.000e+00
-1.1 5.00000e-02	1.0000e+04	1.000e+07	1.203e+07	2.730e-09	3.595e-02	1.000e+00
-1.0 5.00000e-02	1.0000e+04	1.000e+07	1.203e+07	2.910e-09	3.833e-02	1.000e+00
-0.9 5.00000e-02	1.0000e+04	1.000e+07	1.203e+07	3.116e-09	4.098e-02	1.000e+00
-0.8 5.00000e-02	1.0000e+04	1.000e+07	1.204e+07	3.348e-09	4.390e-02	1.000e+00
-0.7 5.00000e-02	1.0000e+04	1.000e+07	1.204e+07	3.610e-09	4.713e-02	1.000e+00
-0.6 5.00000e-02	1.0000e+04	1.000e+07	1.204e+07	3.906e-09	5.074e-02	1.000e+00
-0.5 5.00000e-02	1.0000e+04	1.000e+07	1.205e+07	4.244e-09	5.482e-02	1.000e+00
-0.4 5.00000e-02	1.0000e+04	1.000e+07	1.205e+07	4.633e-09	5.951e-02	1.000e+00
-0.3 5.00000e-02	1.0000e+04	1.000e+07	1.205e+07	5.085e-09	6.496e-02	1.000e+00
-0.2 5.00000e-02	1.0000e+04	1.000e+07	1.205e+07	5.609e-09	7.130e-02	1.000e+00
-0.1 5.00000e-02	1.0000e+04	1.000e+07	1.206e+07	6.217e-09	7.867e-02	1.000e+00
0.0 5.00000e-02	1.0000e+04	1.000e+07	1.206e+07	6.911e-09	8.712e-02	1.000e+00
0.1 5.00000e-02	1.0000e+04	1.000e+07	1.206e+07	7.680e-09	9.650e-02	1.000e+00
0.2 5.00000e-02	1.0000e+04	1.000e+07	1.206e+07	8.445e-09	1.061e-01	1.000e+00
0.3 5.00000e-02	1.0000e+04	1.000e+07	1.207e+07	8.959e-09	1.137e-01	1.000e+00
0.4 5.00000e-02	1.0000e+04	1.000e+07	1.207e+07	8.833e-09	1.157e-01	1.000e+00
0.5 5.00000e-02	1.0000e+04	1.000e+07	1.207e+07	8.190e-09	1.132e-01	1.000e+00
0.6 5.00000e-02	1.0000e+04	1.000e+07	1.207e+07	7.718e-09	1.123e-01	1.000e+00
0.7 5.00000e-02	1.0000e+04	1.000e+07	1.207e+07	7.645e-09	1.152e-01	1.000e+00
0.8 5.00000e-02	1.0000e+04	1.000e+07	1.208e+07	7.833e-09	1.208e-01	1.000e+00
0.9 5.00000e-02	1.0000e+04	1.000e+07	1.208e+07	8.161e-09	1.281e-01	1.000e+00
1.0 5.00000e-02	1.0000e+04	1.000e+07	1.208e+07	8.573e-09	1.369e-01	1.000e+00
1.1 5.00000e-02	1.0000e+04	1.000e+07	1.208e+07	9.049e-09	1.471e-01	1.000e+00
1.2 5.00000e-02	1.0000e+04	1.000e+07	1.208e+07	9.592e-09	1.592e-01	1.000e+00
1.3 5.00000e-02	1.0000e+04	1.000e+07	1.208e+07	1.021e-08	1.736e-01	1.000e+00
1.4 5.00000e-02	1.0000e+04	1.000e+07	1.208e+07	1.094e-08	1.909e-01	1.000e+00
1.5 5.00000e-02	1.0000e+04	1.000e+07	1.208e+07	1.178e-08	2.120e-01	1.000e+00
1.6 5.00000e-02	1.0000e+04	1.000e+07	1.208e+07	1.278e-08	2.375e-01	1.000e+00
1.7 5.00000e-02	1.0000e+04	1.000e+07	1.208e+07	1.394e-08	2.682e-01	1.000e+00
1.8 5.00000e-02	1.0000e+04	1.000e+07	1.208e+07	1.529e-08	3.047e-01	1.000e+00
1.9 5.00000e-02	1.0000e+04	1.000e+07	1.208e+07	1.682e-08	3.474e-01	1.000e+00
2.0 5.00000e-02	1.0000e+04	1.000e+07	1.208e+07	1.846e-08	3.962e-01	1.000e+00
2.1 5.00000e-02	1.0000e+04	1.000e+07	1.208e+07	2.002e-08	4.496e-01	1.000e+00
2.2 5.00000e-02	1.0000e+04	1.000e+07	1.208e+07	2.124e-08	5.052e-01	1.000e+00
2.3 5.00000e-02	1.0000e+04	1.000e+07	1.208e+07	2.186e-08	5.610e-01	1.000e+00
2.4 5.00000e-02	1.0000e+04	1.000e+07	1.208e+07	2.194e-08	6.196e-01	1.000e+00
2.5 5.00000e-02	1.0000e+04	1.000e+07	1.209e+07	2.186e-08	6.882e-01	1.000e+00
2.6 5.00000e-02	1.0000e+04	1.000e+07	1.209e+07	2.203e-08	7.751e-01	1.000e+00
2.7 5.00000e-02	1.0000e+04	1.000e+07	1.209e+07	2.266e-08	8.868e-01	1.000e+00
2.8 5.00000e-02	1.0000e+04	1.000e+07	1.209e+07	2.380e-08	1.029e+00	1.000e+00
2.9 5.00000e-02	1.0000e+04	1.000e+07	1.209e+07	2.549e-08	1.209e+00	1.000e+00
3.0 5.00000e-02	1.0000e+04	1.000e+07	1.209e+07	2.776e-08	1.435e+00	1.000e+00
3.1 5.00000e-02	1.0000e+04	1.000e+07	1.209e+07	3.068e-08	1.719e+00	1.000e+00
3.2 5.00000e-02	1.0000e+04	1.000e+07	1.209e+07	3.435e-08	2.076e+00	1.000e+00
3.3 5.00000e-02	1.0000e+04	1.000e+07	1.209e+07	3.892e-08	2.524e+00	1.000e+00
3.4 5.00000e-02	1.0000e+04	1.000e+07	1.209e+07	4.460e-08	3.089e+00	1.000e+00
3.5 5.00000e-02	1.0000e+04	1.000e+07	1.209e+07	5.163e-08	3.800e+00	1.000e+00
3.6 5.00000e-02	1.0000e+04	1.000e+07	1.209e+07	6.034e-08	4.696e+00	1.000e+00
3.7 5.00000e-02	1.0000e+04	1.000e+07	1.209e+07	7.116e-08	5.826e+00	1.000e+00
3.8 5.00000e-02	1.0000e+04	1.000e+07	1.209e+07	8.464e-08	7.248e+00	1.000e+00
3.9 5.00000e-02	1.0000e+04	1.000e+07	1.209e+07	1.015e-07	9.040e+00	1.000e+00
4.0 5.00000e-02	1.0000e+04	1.000e+07	1.209e+07	1.225e-07	1.130e+01	1.000e+00
4.1 5.00000e-02	1.0000e+04	1.000e+07	1.209e+07	1.489e-07	1.414e+01	1.000e+00
4.2 5.00000e-02	1.0000e+04	1.000e+07	1.209e+07	1.821e-07	1.772e+01	1.000e+00
4.3 5.00000e-02	1.0000e+04	1.000e+07	1.209e+07	2.238e-07	2.222e+01	1.000e+00
4.4 5.00000e-02	1.0000e+04	1.000e+07	1.209e+07	2.762e-07	2.789e+01	1.000e+00
4.5 5.00000e-02	1.0000e+04	1.000e+07	1.209e+07	3.421e-07	3.503e+01	1.000e+00
4.6 5.00000e-02	1.0000e+04	1.000e+07	1.209e+07	4.250e-07	4.402e+01	1.000e+00
4.7 5.00000e-02	1.0000e+04	1.000e+07	1.209e+07	5.294e-07	5.533e+01	1.000e+00
4.8 5.00000e-02	1.0000e+04	1.000e+07	1.209e+07	6.607e-07	6.958e+01	1.000e+00
4.9 5.00000e-02	1.0000e+04	1.000e+07	1.209e+07	8.262e-07	8.751e+01	1.000e+00
5.0 5.00000e-02	1.0000e+04	1.000e+07	1.209e+07	1.034e-06	1.101e+02	1.000e+00
