U xi T_e I1 I2 I3 I4 I5 I6 I7
1.042679e-10 9.221183e-09 1.000000e+04 9.60e-01 3.97e-02 6.38e-06 1.50e-08 5.71e-12 1.33e-18 2.76e-24
1.605648e-10 1.419994e-08 1.000000e+04 9.58e-01 4.18e-02 8.70e-06 2.08e-08 1.02e-11 3.12e-18 2.76e-24
2.472581e-10 2.186687e-08 1.000000e+04 9.56e-01 4.44e-02 1.17e-05 2.85e-08 1.77e-11 6.96e-18 2.76e-24
3.807592e-10 3.367337e-08 1.000000e+04 9.52e-01 4.78e-02 1.60e-05 3.95e-08 3.11e-11 1.58e-17 2.76e-24
5.863412e-10 5.185452e-08 1.000000e+04 9.48e-01 5.18e-02 2.15e-05 5.43e-08 5.31e-11 3.42e-17 3.99e-24
9.029224e-10 7.985215e-08 1.000000e+04 9.43e-01 5.70e-02 2.97e-05 7.63e-08 9.35e-11 7.67e-17 1.15e-23
1.390434e-09 1.229664e-07 1.000000e+04 9.37e-01 6.33e-02 4.10e-05 1.08e-07 1.64e-10 1.70e-16 3.22e-23
2.141167e-09 1.893593e-07 1.000000e+04 9.29e-01 7.07e-02 5.64e-05 1.51e-07 2.82e-10 3.68e-16 8.73e-23
3.297239e-09 2.915994e-07 1.000000e+04 9.20e-01 8.03e-02 7.92e-05 2.17e-07 5.00e-10 8.24e-16 2.47e-22
5.077506e-09 4.490417e-07 1.000000e+04 9.09e-01 9.10e-02 1.09e-04 3.06e-07 8.58e-10 1.75e-15 6.50e-22
7.818986e-09 6.914912e-07 1.000000e+04 8.95e-01 1.05e-01 1.57e-04 4.50e-07 1.56e-09 4.02e-15 1.89e-21
1.204066e-08 1.064846e-06 1.000000e+04 8.78e-01 1.22e-01 2.26e-04 6.60e-07 2.81e-09 9.13e-15 5.39e-21
1.854174e-08 1.639784e-06 1.000000e+04 8.57e-01 1.42e-01 3.25e-04 9.69e-07 5.08e-09 2.07e-14 1.53e-20
2.855291e-08 2.525147e-06 1.000000e+04 8.34e-01 1.66e-01 4.64e-04 1.41e-06 9.04e-09 4.58e-14 4.22e-20
4.396939e-08 3.888541e-06 1.000000e+04 8.05e-01 1.94e-01 6.77e-04 2.10e-06 1.66e-08 1.06e-13 1.22e-19
6.770963e-08 5.988067e-06 1.000000e+04 7.72e-01 2.27e-01 9.85e-04 3.13e-06 3.03e-08 2.43e-13 3.53e-19
1.042679e-07 9.221183e-06 1.000000e+04 7.36e-01 2.63e-01 1.41e-03 4.57e-06 5.40e-08 5.37e-13 9.72e-19
1.605648e-07 1.419994e-05 1.000000e+04 6.91e-01 3.07e-01 2.06e-03 6.86e-06 1.00e-07 1.26e-12 2.88e-18
2.472581e-07 2.186687e-05 1.000000e+04 6.42e-01 3.55e-01 3.00e-03 1.03e-05 1.84e-07 2.93e-12 8.48e-18
3.807592e-07 3.367337e-05 1.000000e+04 5.89e-01 4.07e-01 4.34e-03 1.53e-05 3.38e-07 6.81e-12 2.50e-17
5.863412e-07 5.185452e-05 1.000000e+04 5.34e-01 4.59e-01 6.14e-03 2.25e-05 6.00e-07 1.52e-11 7.03e-17
9.029224e-07 7.985215e-05 1.000000e+04 4.73e-01 5.18e-01 8.85e-03 3.40e-05 1.11e-06 3.62e-11 2.14e-16
1.390434e-06 1.229664e-04 1.000000e+04 4.11e-01 5.76e-01 1.27e-02 5.15e-05 2.05e-06 8.61e-11 6.58e-16
2.141167e-06 1.893593e-04 1.000000e+04 3.50e-01 6.32e-01 1.80e-02 7.86e-05 3.80e-06 2.07e-10 2.05e-15
3.297239e-06 2.915994e-04 1.000000e+04 2.90e-01 6.84e-01 2.55e-02 1.22e-04 7.06e-06 5.04e-10 6.56e-15
5.077506e-06 4.490417e-04 1.000000e+04 2.34e-01 7.30e-01 3.60e-02 1.91e-04 1.32e-05 1.25e-09 2.16e-14
7.818986e-06 6.914912e-04 1.000000e+04 1.83e-01 7.66e-01 5.07e-02 3.08e-04 2.52e-05 3.20e-09 7.41e-14
1.204066e-05 1.064846e-03 1.000000e+04 1.41e-01 7.89e-01 7.02e-02 4.98e-04 4.71e-05 8.07e-09 2.51e-13
1.854174e-05 1.639784e-03 1.000000e+04 1.02e-01 7.98e-01 9.87e-02 8.54e-04 9.28e-05 2.21e-08 9.57e-13
2.855291e-05 2.525147e-03 1.000000e+04 7.16e-02 7.89e-01 1.38e-01 1.51e-03 1.86e-04 6.26e-08 3.84e-12
4.396939e-05 3.888541e-03 1.000000e+04 4.78e-02 7.58e-01 1.91e-01 2.75e-03 3.76e-04 1.83e-07 1.61e-11
6.770963e-05 5.988067e-03 1.000000e+04 3.09e-02 7.06e-01 2.57e-01 5.00e-03 7.47e-04 5.24e-07 6.69e-11
1.042679e-04 9.221183e-03 1.000000e+04 1.85e-02 6.30e-01 3.41e-01 9.34e-03 1.52e-03 1.59e-06 3.02e-10
1.605648e-04 1.419994e-02 1.000000e+04 1.06e-02 5.37e-01 4.32e-01 1.69e-02 3.01e-03 4.67e-06 1.32e-09
2.472581e-04 2.186687e-02 1.000000e+04 5.67e-03 4.33e-01 5.25e-01 3.02e-02 5.92e-03 1.39e-05 5.90e-09
3.807592e-04 3.367337e-02 1.000000e+04 2.77e-03 3.25e-01 6.08e-01 5.28e-02 1.17e-02 4.21e-05 2.76e-08
5.863412e-04 5.185452e-02 1.000000e+04 1.27e-03 2.29e-01 6.60e-01 8.72e-02 2.25e-02 1.25e-04 1.26e-07
9.029224e-04 7.985215e-02 1.000000e+04 5.66e-04 1.54e-01 6.71e-01 1.33e-01 4.11e-02 3.44e-04 5.24e-07
1.390434e-03 1.229664e-01 1.000000e+04 2.29e-04 9.58e-02 6.37e-01 1.92e-01 7.46e-02 9.56e-04 2.23e-06
2.141167e-03 1.893593e-01 1.000000e+04 8.54e-05 5.46e-02 5.56e-01 2.56e-01 1.31e-01 2.56e-03 9.17e-06
3.297239e-03 2.915994e-01 1.000000e+04 3.01e-05 2.90e-02 4.45e-01 3.08e-01 2.12e-01 6.27e-03 3.38e-05
5.077506e-03 4.490417e-01 1.000000e+04 9.06e-06 1.34e-02 3.15e-01 3.33e-01 3.23e-01 1.47e-02 1.21e-04
7.818986e-03 6.914912e-01 1.000000e+04 2.40e-06 5.45e-03 1.97e-01 3.19e-01 4.47e-01 3.11e-02 3.95e-04
1.204066e-02 1.064846e+00 1.000000e+04 5.61e-07 1.96e-03 1.09e-01 2.70e-01 5.58e-01 5.97e-02 1.16e-03
1.854174e-02 1.639784e+00 1.000000e+04 1.17e-07 6.29e-04 5.36e-02 2.05e-01 6.33e-01 1.04e-01 3.12e-03
2.855291e-02 2.525147e+00 1.000000e+04 2.23e-08 1.83e-04 2.41e-02 1.42e-01 6.60e-01 1.67e-01 7.68e-03
4.396939e-02 3.888541e+00 1.000000e+04 3.88e-09 4.91e-05 9.92e-03 8.98e-02 6.35e-01 2.47e-01 1.75e-02
6.770963e-02 5.988067e+00 1.000000e+04 6.22e-10 1.21e-05 3.77e-03 5.25e-02 5.67e-01 3.40e-01 3.70e-02
1.042679e-01 9.221183e+00 1.000000e+04 9.18e-11 2.76e-06 1.32e-03 2.83e-02 4.67e-01 4.31e-01 7.23e-02
1.605648e-01 1.419994e+01 1.000000e+04 1.24e-11 5.74e-07 4.23e-04 1.39e-02 3.54e-01 5.02e-01 1.30e-01
2.472581e-01 2.186687e+01 1.000000e+04 1.54e-12 1.09e-07 1.24e-04 6.29e-03 2.45e-01 5.36e-01 2.13e-01
3.807592e-01 3.367337e+01 1.000000e+04 1.74e-13 1.90e-08 3.32e-05 2.59e-03 1.55e-01 5.22e-01 3.20e-01
5.863412e-01 5.185452e+01 1.000000e+04 1.80e-14 3.04e-09 8.15e-06 9.81e-04 9.04e-02 4.68e-01 4.41e-01
9.029224e-01 7.985215e+01 1.000000e+04 1.76e-15 4.49e-10 1.85e-06 3.44e-04 4.87e-02 3.88e-01 5.63e-01
1.390434e+00 1.229664e+02 1.000000e+04 1.82e-16 6.21e-11 3.95e-07 1.13e-04 2.46e-02 3.02e-01 6.74e-01
2.141167e+00 1.893593e+02 1.000000e+04 4.44e-18 8.16e-12 8.00e-08 3.51e-05 1.18e-02 2.23e-01 7.65e-01
3.297239e+00 2.915994e+02 1.000000e+04 3.15e-18 1.03e-12 1.56e-08 1.05e-05 5.43e-03 1.58e-01 8.37e-01
5.077506e+00 4.490417e+02 1.000000e+04 2.76e-24 1.27e-13 2.94e-09 3.06e-06 2.43e-03 1.09e-01 8.89e-01
7.818986e+00 6.914912e+02 1.000000e+04 2.76e-24 1.52e-14 5.45e-10 8.73e-07 1.07e-03 7.37e-02 9.25e-01
1.204066e+01 1.064846e+03 1.000000e+04 2.76e-24 1.80e-15 9.96e-11 2.46e-07 4.63e-04 4.92e-02 9.50e-01
1.854174e+01 1.639784e+03 1.000000e+04 6.25e-19 2.18e-16 1.80e-11 6.85e-08 1.99e-04 3.25e-02 9.67e-01
2.855291e+01 2.525147e+03 1.000000e+04 2.76e-24 2.33e-17 3.25e-12 1.90e-08 8.49e-05 2.14e-02 9.79e-01
4.396939e+01 3.888541e+03 1.000000e+04 2.76e-24 9.22e-19 5.82e-13 5.24e-09 3.61e-05 1.40e-02 9.86e-01
6.770963e+01 5.988067e+03 1.000000e+04 2.76e-24 2.76e-24 1.04e-13 1.44e-09 1.53e-05 9.12e-03 9.91e-01
1.042679e+02 9.221183e+03 1.000000e+04 2.76e-24 2.76e-24 1.86e-14 3.96e-10 6.47e-06 5.94e-03 9.94e-01
1.605648e+02 1.419994e+04 1.000000e+04 5.40e-21 4.67e-20 3.31e-15 1.09e-10 2.73e-06 3.87e-03 9.96e-01
2.472581e+02 2.186687e+04 1.000000e+04 3.50e-20 2.73e-19 5.91e-16 2.98e-11 1.15e-06 2.52e-03 9.97e-01
3.807592e+02 3.367337e+04 1.000000e+04 1.33e-20 1.04e-19 1.05e-16 8.18e-12 4.87e-07 1.64e-03 9.98e-01
5.863412e+02 5.185452e+04 1.000000e+04 2.76e-24 2.76e-24 1.67e-17 2.24e-12 2.06e-07 1.06e-03 9.99e-01
9.029224e+02 7.985215e+04 1.000000e+04 1.13e-20 8.79e-20 3.86e-18 6.14e-13 8.68e-08 6.90e-04 9.99e-01
1.390434e+03 1.229664e+05 1.000000e+04 2.76e-24 2.76e-24 3.27e-19 1.68e-13 3.66e-08 4.48e-04 1.00e+00
2.141167e+03 1.893593e+05 1.000000e+04 2.76e-24 2.76e-24 2.76e-24 4.61e-14 1.54e-08 2.91e-04 1.00e+00
3.297239e+03 2.915994e+05 1.000000e+04 2.76e-24 2.76e-24 1.86e-20 1.26e-14 6.51e-09 1.89e-04 1.00e+00
5.077506e+03 4.490417e+05 1.000000e+04 2.76e-24 2.76e-24 3.32e-21 3.45e-15 2.75e-09 1.23e-04 1.00e+00
7.818986e+03 6.914912e+05 1.000000e+04 2.76e-24 2.76e-24 6.04e-22 9.46e-16 1.16e-09 7.98e-05 1.00e+00
1.204066e+04 1.064846e+06 1.000000e+04 2.76e-24 2.76e-24 8.23e-23 2.59e-16 4.88e-10 5.18e-05 1.00e+00
1.854174e+04 1.639784e+06 1.000000e+04 2.76e-24 6.83e-24 6.03e-23 7.09e-17 2.06e-10 3.36e-05 1.00e+00
2.855291e+04 2.525147e+06 1.000000e+04 2.76e-24 4.46e-24 3.05e-23 1.94e-17 8.68e-11 2.18e-05 1.00e+00
4.396939e+04 3.888541e+06 1.000000e+04 2.76e-24 2.76e-24 2.76e-24 5.32e-18 3.66e-11 1.42e-05 1.00e+00
6.770963e+04 5.988067e+06 1.000000e+04 2.76e-24 2.76e-24 2.76e-24 1.46e-18 1.54e-11 9.21e-06 1.00e+00
1.042679e+05 9.221183e+06 1.000000e+04 2.76e-24 2.76e-24 2.76e-24 3.99e-19 6.51e-12 5.98e-06 1.00e+00
