U xi T_e total photo ff compton ind_comp lines auger
1.042679e-10 9.221183e-09 1.000000e+04 1.33e-16 1.33e-16 1.05e-24 6.14e-22 2.92e-29 0.00e+00 7.55e-19
1.605648e-10 1.419994e-08 1.000000e+04 2.05e-16 2.04e-16 1.61e-24 9.46e-22 4.49e-29 0.00e+00 1.16e-18
2.472581e-10 2.186687e-08 1.000000e+04 3.16e-16 3.14e-16 2.48e-24 1.46e-21 6.92e-29 0.00e+00 1.79e-18
3.807592e-10 3.367337e-08 1.000000e+04 4.87e-16 4.84e-16 3.82e-24 2.24e-21 1.07e-28 0.00e+00 2.76e-18
5.863412e-10 5.185452e-08 1.000000e+04 7.50e-16 7.46e-16 5.88e-24 3.45e-21 1.64e-28 0.00e+00 4.25e-18
9.029224e-10 7.985215e-08 1.000000e+04 1.15e-15 1.15e-15 9.05e-24 5.32e-21 2.53e-28 0.00e+00 6.54e-18
1.390434e-09 1.229664e-07 1.000000e+04 1.78e-15 1.77e-15 1.39e-23 8.19e-21 3.89e-28 0.00e+00 1.01e-17
2.141167e-09 1.893593e-07 1.000000e+04 2.74e-15 2.72e-15 2.15e-23 1.26e-20 5.99e-28 0.00e+00 1.55e-17
3.297239e-09 2.915994e-07 1.000000e+04 4.22e-15 4.19e-15 3.30e-23 1.94e-20 9.23e-28 0.00e+00 2.39e-17
5.077506e-09 4.490417e-07 1.000000e+04 6.49e-15 6.46e-15 5.09e-23 2.99e-20 1.42e-27 0.00e+00 3.68e-17
7.818986e-09 6.914912e-07 1.000000e+04 1.00e-14 9.94e-15 7.84e-23 4.61e-20 2.19e-27 0.00e+00 5.66e-17
1.204066e-08 1.064846e-06 1.000000e+04 1.54e-14 1.53e-14 1.21e-22 7.09e-20 3.37e-27 0.00e+00 8.72e-17
1.854174e-08 1.639784e-06 1.000000e+04 2.37e-14 2.36e-14 1.86e-22 1.09e-19 5.19e-27 0.00e+00 1.34e-16
2.855291e-08 2.525147e-06 1.000000e+04 3.65e-14 3.63e-14 2.86e-22 1.68e-19 7.99e-27 0.00e+00 2.07e-16
4.396939e-08 3.888541e-06 1.000000e+04 5.62e-14 5.59e-14 4.41e-22 2.59e-19 1.23e-26 0.00e+00 3.18e-16
6.770963e-08 5.988067e-06 1.000000e+04 8.66e-14 8.61e-14 6.79e-22 3.99e-19 1.89e-26 0.00e+00 4.90e-16
1.042679e-07 9.221183e-06 1.000000e+04 1.33e-13 1.33e-13 1.05e-21 6.14e-19 2.92e-26 0.00e+00 7.55e-16
1.605648e-07 1.419994e-05 1.000000e+04 2.05e-13 2.04e-13 1.61e-21 9.46e-19 4.49e-26 0.00e+00 1.16e-15
2.472581e-07 2.186687e-05 1.000000e+04 3.16e-13 3.14e-13 2.48e-21 1.46e-18 6.92e-26 0.00e+00 1.79e-15
3.807592e-07 3.367337e-05 1.000000e+04 4.87e-13 4.84e-13 3.82e-21 2.24e-18 1.07e-25 0.00e+00 2.76e-15
5.863412e-07 5.185452e-05 1.000000e+04 7.50e-13 7.46e-13 5.88e-21 3.45e-18 1.64e-25 0.00e+00 4.25e-15
9.029224e-07 7.985215e-05 1.000000e+04 1.15e-12 1.15e-12 9.05e-21 5.32e-18 2.53e-25 0.00e+00 6.54e-15
1.390434e-06 1.229664e-04 1.000000e+04 1.78e-12 1.77e-12 1.39e-20 8.19e-18 3.89e-25 0.00e+00 1.01e-14
2.141167e-06 1.893593e-04 1.000000e+04 2.74e-12 2.72e-12 2.15e-20 1.26e-17 5.99e-25 0.00e+00 1.55e-14
3.297239e-06 2.915994e-04 1.000000e+04 4.22e-12 4.19e-12 3.30e-20 1.94e-17 9.23e-25 0.00e+00 2.39e-14
5.077506e-06 4.490417e-04 1.000000e+04 6.49e-12 6.46e-12 5.09e-20 2.99e-17 1.42e-24 0.00e+00 3.68e-14
7.818986e-06 6.914912e-04 1.000000e+04 1.00e-11 9.94e-12 7.84e-20 4.61e-17 2.19e-24 0.00e+00 5.66e-14
1.204066e-05 1.064846e-03 1.000000e+04 1.54e-11 1.53e-11 1.21e-19 7.09e-17 3.37e-24 0.00e+00 8.72e-14
1.854174e-05 1.639784e-03 1.000000e+04 2.37e-11 2.36e-11 1.86e-19 1.09e-16 5.19e-24 0.00e+00 1.34e-13
2.855291e-05 2.525147e-03 1.000000e+04 3.65e-11 3.63e-11 2.86e-19 1.68e-16 7.99e-24 0.00e+00 2.07e-13
4.396939e-05 3.888541e-03 1.000000e+04 5.62e-11 5.59e-11 4.41e-19 2.59e-16 1.23e-23 0.00e+00 3.18e-13
6.770963e-05 5.988067e-03 1.000000e+04 8.66e-11 8.61e-11 6.79e-19 3.99e-16 1.89e-23 0.00e+00 4.90e-13
1.042679e-04 9.221183e-03 1.000000e+04 1.33e-10 1.33e-10 1.05e-18 6.14e-16 2.92e-23 0.00e+00 7.55e-13
1.605648e-04 1.419994e-02 1.000000e+04 2.05e-10 2.04e-10 1.61e-18 9.46e-16 4.49e-23 0.00e+00 1.16e-12
2.472581e-04 2.186687e-02 1.000000e+04 3.16e-10 3.14e-10 2.48e-18 1.46e-15 6.92e-23 0.00e+00 1.79e-12
3.807592e-04 3.367337e-02 1.000000e+04 4.87e-10 4.84e-10 3.82e-18 2.24e-15 1.07e-22 0.00e+00 2.76e-12
5.863412e-04 5.185452e-02 1.000000e+04 7.50e-10 7.46e-10 5.88e-18 3.45e-15 1.64e-22 0.00e+00 4.25e-12
9.029224e-04 7.985215e-02 1.000000e+04 1.15e-09 1.15e-09 9.05e-18 5.32e-15 2.53e-22 0.00e+00 6.54e-12
1.390434e-03 1.229664e-01 1.000000e+04 1.78e-09 1.77e-09 1.39e-17 8.19e-15 3.89e-22 0.00e+00 1.01e-11
2.141167e-03 1.893593e-01 1.000000e+04 2.74e-09 2.72e-09 2.15e-17 1.26e-14 5.99e-22 0.00e+00 1.55e-11
3.297239e-03 2.915994e-01 1.000000e+04 4.22e-09 4.19e-09 3.30e-17 1.94e-14 9.23e-22 0.00e+00 2.39e-11
5.077506e-03 4.490417e-01 1.000000e+04 6.49e-09 6.46e-09 5.09e-17 2.99e-14 1.42e-21 0.00e+00 3.68e-11
7.818986e-03 6.914912e-01 1.000000e+04 1.00e-08 9.94e-09 7.84e-17 4.61e-14 2.19e-21 0.00e+00 5.66e-11
1.204066e-02 1.064846e+00 1.000000e+04 1.54e-08 1.53e-08 1.21e-16 7.09e-14 3.37e-21 0.00e+00 8.72e-11
1.854174e-02 1.639784e+00 1.000000e+04 2.37e-08 2.36e-08 1.86e-16 1.09e-13 5.19e-21 0.00e+00 1.34e-10
2.855291e-02 2.525147e+00 1.000000e+04 3.65e-08 3.63e-08 2.86e-16 1.68e-13 7.99e-21 0.00e+00 2.07e-10
4.396939e-02 3.888541e+00 1.000000e+04 5.62e-08 5.59e-08 4.41e-16 2.59e-13 1.23e-20 0.00e+00 3.18e-10
6.770963e-02 5.988067e+00 1.000000e+04 8.66e-08 8.61e-08 6.79e-16 3.99e-13 1.89e-20 0.00e+00 4.90e-10
1.042679e-01 9.221183e+00 1.000000e+04 1.33e-07 1.33e-07 1.05e-15 6.14e-13 2.92e-20 0.00e+00 7.55e-10
1.605648e-01 1.419994e+01 1.000000e+04 2.05e-07 2.04e-07 1.61e-15 9.46e-13 4.49e-20 0.00e+00 1.16e-09
2.472581e-01 2.186687e+01 1.000000e+04 3.16e-07 3.14e-07 2.48e-15 1.46e-12 6.92e-20 0.00e+00 1.79e-09
3.807592e-01 3.367337e+01 1.000000e+04 4.87e-07 4.84e-07 3.82e-15 2.24e-12 1.07e-19 0.00e+00 2.76e-09
5.863412e-01 5.185452e+01 1.000000e+04 7.50e-07 7.46e-07 5.88e-15 3.45e-12 1.64e-19 0.00e+00 4.25e-09
9.029224e-01 7.985215e+01 1.000000e+04 1.15e-06 1.15e-06 9.05e-15 5.32e-12 2.53e-19 0.00e+00 6.54e-09
1.390434e+00 1.229664e+02 1.000000e+04 1.78e-06 1.77e-06 1.39e-14 8.19e-12 3.89e-19 0.00e+00 1.01e-08
2.141167e+00 1.893593e+02 1.000000e+04 2.74e-06 2.72e-06 2.15e-14 1.26e-11 5.99e-19 0.00e+00 1.55e-08
3.297239e+00 2.915994e+02 1.000000e+04 4.22e-06 4.19e-06 3.30e-14 1.94e-11 9.23e-19 0.00e+00 2.39e-08
5.077506e+00 4.490417e+02 1.000000e+04 6.49e-06 6.46e-06 5.09e-14 2.99e-11 1.42e-18 0.00e+00 3.68e-08
7.818986e+00 6.914912e+02 1.000000e+04 1.00e-05 9.94e-06 7.84e-14 4.61e-11 2.19e-18 0.00e+00 5.66e-08
1.204066e+01 1.064846e+03 1.000000e+04 1.54e-05 1.53e-05 1.21e-13 7.09e-11 3.37e-18 0.00e+00 8.72e-08
1.854174e+01 1.639784e+03 1.000000e+04 2.37e-05 2.36e-05 1.86e-13 1.09e-10 5.19e-18 0.00e+00 1.34e-07
2.855291e+01 2.525147e+03 1.000000e+04 3.65e-05 3.63e-05 2.86e-13 1.68e-10 7.99e-18 0.00e+00 2.07e-07
4.396939e+01 3.888541e+03 1.000000e+04 5.62e-05 5.59e-05 4.41e-13 2.59e-10 1.23e-17 0.00e+00 3.18e-07
6.770963e+01 5.988067e+03 1.000000e+04 8.66e-05 8.61e-05 6.79e-13 3.99e-10 1.89e-17 0.00e+00 4.90e-07
1.042679e+02 9.221183e+03 1.000000e+04 1.33e-04 1.33e-04 1.05e-12 6.14e-10 2.92e-17 0.00e+00 7.55e-07
1.605648e+02 1.419994e+04 1.000000e+04 2.05e-04 2.04e-04 1.61e-12 9.46e-10 4.49e-17 0.00e+00 1.16e-06
2.472581e+02 2.186687e+04 1.000000e+04 3.16e-04 3.14e-04 2.48e-12 1.46e-09 6.92e-17 0.00e+00 1.79e-06
3.807592e+02 3.367337e+04 1.000000e+04 4.87e-04 4.84e-04 3.82e-12 2.24e-09 1.07e-16 0.00e+00 2.76e-06
5.863412e+02 5.185452e+04 1.000000e+04 7.50e-04 7.46e-04 5.88e-12 3.45e-09 1.64e-16 0.00e+00 4.25e-06
9.029224e+02 7.985215e+04 1.000000e+04 1.15e-03 1.15e-03 9.05e-12 5.32e-09 2.53e-16 0.00e+00 6.54e-06
1.390434e+03 1.229664e+05 1.000000e+04 1.78e-03 1.77e-03 1.39e-11 8.19e-09 3.89e-16 0.00e+00 1.01e-05
2.141167e+03 1.893593e+05 1.000000e+04 2.74e-03 2.72e-03 2.15e-11 1.26e-08 5.99e-16 0.00e+00 1.55e-05
3.297239e+03 2.915994e+05 1.000000e+04 4.22e-03 4.19e-03 3.30e-11 1.94e-08 9.23e-16 0.00e+00 2.39e-05
5.077506e+03 4.490417e+05 1.000000e+04 6.49e-03 6.46e-03 5.09e-11 2.99e-08 1.42e-15 0.00e+00 3.68e-05
7.818986e+03 6.914912e+05 1.000000e+04 1.00e-02 9.94e-03 7.84e-11 4.61e-08 2.19e-15 0.00e+00 5.66e-05
1.204066e+04 1.064846e+06 1.000000e+04 1.54e-02 1.53e-02 1.21e-10 7.09e-08 3.37e-15 0.00e+00 8.72e-05
1.854174e+04 1.639784e+06 1.000000e+04 2.37e-02 2.36e-02 1.86e-10 1.09e-07 5.19e-15 0.00e+00 1.34e-04
2.855291e+04 2.525147e+06 1.000000e+04 3.65e-02 3.63e-02 2.86e-10 1.68e-07 7.99e-15 0.00e+00 2.07e-04
4.396939e+04 3.888541e+06 1.000000e+04 5.62e-02 5.59e-02 4.41e-10 2.59e-07 1.23e-14 0.00e+00 3.18e-04
6.770963e+04 5.988067e+06 1.000000e+04 8.66e-02 8.61e-02 6.79e-10 3.99e-07 1.89e-14 0.00e+00 4.90e-04
1.042679e+05 9.221183e+06 1.000000e+04 1.33e-01 1.33e-01 1.05e-09 6.14e-07 2.92e-14 0.00e+00 7.55e-04
