U xi T_e I1 I2 I3
1.042679e-10 9.221183e-09 1.000000e+04 9.98e-01 2.21e-03 7.61e-08
1.605648e-10 1.419994e-08 1.000000e+04 9.97e-01 2.89e-03 1.31e-07
2.472581e-10 2.186687e-08 1.000000e+04 9.96e-01 3.72e-03 2.16e-07
3.807592e-10 3.367337e-08 1.000000e+04 9.95e-01 4.79e-03 3.59e-07
5.863412e-10 5.185452e-08 1.000000e+04 9.94e-01 6.05e-03 5.75e-07
9.029224e-10 7.985215e-08 1.000000e+04 9.92e-01 7.72e-03 9.35e-07
1.390434e-09 1.229664e-07 1.000000e+04 9.90e-01 9.76e-03 1.50e-06
2.141167e-09 1.893593e-07 1.000000e+04 9.88e-01 1.22e-02 2.35e-06
3.297239e-09 2.915994e-07 1.000000e+04 9.85e-01 1.54e-02 3.73e-06
5.077506e-09 4.490417e-07 1.000000e+04 9.81e-01 1.90e-02 5.72e-06
7.818986e-09 6.914912e-07 1.000000e+04 9.76e-01 2.39e-02 9.10e-06
1.204066e-08 1.064846e-06 1.000000e+04 9.70e-01 2.98e-02 1.43e-05
1.854174e-08 1.639784e-06 1.000000e+04 9.63e-01 3.71e-02 2.23e-05
2.855291e-08 2.525147e-06 1.000000e+04 9.54e-01 4.58e-02 3.42e-05
4.396939e-08 3.888541e-06 1.000000e+04 9.43e-01 5.69e-02 5.35e-05
6.770963e-08 5.988067e-06 1.000000e+04 9.29e-01 7.04e-02 8.32e-05
1.042679e-07 9.221183e-06 1.000000e+04 9.14e-01 8.62e-02 1.27e-04
1.605648e-07 1.419994e-05 1.000000e+04 8.93e-01 1.07e-01 1.98e-04
2.472581e-07 2.186687e-05 1.000000e+04 8.69e-01 1.31e-01 3.08e-04
3.807592e-07 3.367337e-05 1.000000e+04 8.39e-01 1.60e-01 4.78e-04
5.863412e-07 5.185452e-05 1.000000e+04 8.06e-01 1.94e-01 7.25e-04
9.029224e-07 7.985215e-05 1.000000e+04 7.63e-01 2.35e-01 1.13e-03
1.390434e-06 1.229664e-04 1.000000e+04 7.14e-01 2.84e-01 1.76e-03
2.141167e-06 1.893593e-04 1.000000e+04 6.58e-01 3.40e-01 2.73e-03
3.297239e-06 2.915994e-04 1.000000e+04 5.94e-01 4.02e-01 4.24e-03
5.077506e-06 4.490417e-04 1.000000e+04 5.24e-01 4.70e-01 6.57e-03
7.818986e-06 6.914912e-04 1.000000e+04 4.49e-01 5.41e-01 1.02e-02
1.204066e-05 1.064846e-03 1.000000e+04 3.75e-01 6.09e-01 1.54e-02
1.854174e-05 1.639784e-03 1.000000e+04 3.00e-01 6.76e-01 2.38e-02
2.855291e-05 2.525147e-03 1.000000e+04 2.30e-01 7.34e-01 3.65e-02
4.396939e-05 3.888541e-03 1.000000e+04 1.69e-01 7.76e-01 5.57e-02
6.770963e-05 5.988067e-03 1.000000e+04 1.20e-01 7.97e-01 8.26e-02
1.042679e-04 9.221183e-03 1.000000e+04 8.05e-02 7.97e-01 1.23e-01
1.605648e-04 1.419994e-02 1.000000e+04 5.24e-02 7.71e-01 1.77e-01
2.472581e-04 2.186687e-02 1.000000e+04 3.24e-02 7.19e-01 2.49e-01
3.807592e-04 3.367337e-02 1.000000e+04 1.87e-02 6.40e-01 3.41e-01
5.863412e-04 5.185452e-02 1.000000e+04 1.03e-02 5.44e-01 4.46e-01
9.029224e-04 7.985215e-02 1.000000e+04 5.60e-03 4.44e-01 5.50e-01
1.390434e-03 1.229664e-01 1.000000e+04 2.84e-03 3.45e-01 6.53e-01
2.141167e-03 1.893593e-01 1.000000e+04 1.38e-03 2.56e-01 7.43e-01
3.297239e-03 2.915994e-01 1.000000e+04 6.63e-04 1.86e-01 8.13e-01
5.077506e-03 4.490417e-01 1.000000e+04 3.02e-04 1.30e-01 8.70e-01
7.818986e-03 6.914912e-01 1.000000e+04 1.34e-04 8.86e-02 9.11e-01
1.204066e-02 1.064846e+00 1.000000e+04 5.87e-05 5.95e-02 9.40e-01
1.854174e-02 1.639784e+00 1.000000e+04 2.54e-05 3.95e-02 9.60e-01
2.855291e-02 2.525147e+00 1.000000e+04 1.09e-05 2.61e-02 9.74e-01
4.396939e-02 3.888541e+00 1.000000e+04 4.63e-06 1.71e-02 9.83e-01
6.770963e-02 5.988067e+00 1.000000e+04 1.97e-06 1.12e-02 9.89e-01
1.042679e-01 9.221183e+00 1.000000e+04 8.34e-07 7.29e-03 9.93e-01
1.605648e-01 1.419994e+01 1.000000e+04 3.53e-07 4.75e-03 9.95e-01
2.472581e-01 2.186687e+01 1.000000e+04 1.49e-07 3.09e-03 9.97e-01
3.807592e-01 3.367337e+01 1.000000e+04 6.30e-08 2.01e-03 9.98e-01
5.863412e-01 5.185452e+01 1.000000e+04 2.66e-08 1.31e-03 9.99e-01
9.029224e-01 7.985215e+01 1.000000e+04 1.12e-08 8.49e-04 9.99e-01
1.390434e+00 1.229664e+02 1.000000e+04 4.74e-09 5.51e-04 9.99e-01
2.141167e+00 1.893593e+02 1.000000e+04 2.00e-09 3.58e-04 1.00e+00
3.297239e+00 2.915994e+02 1.000000e+04 8.44e-10 2.33e-04 1.00e+00
5.077506e+00 4.490417e+02 1.000000e+04 3.56e-10 1.51e-04 1.00e+00
7.818986e+00 6.914912e+02 1.000000e+04 1.50e-10 9.82e-05 1.00e+00
1.204066e+01 1.064846e+03 1.000000e+04 6.34e-11 6.38e-05 1.00e+00
1.854174e+01 1.639784e+03 1.000000e+04 2.67e-11 4.14e-05 1.00e+00
2.855291e+01 2.525147e+03 1.000000e+04 1.13e-11 2.69e-05 1.00e+00
4.396939e+01 3.888541e+03 1.000000e+04 4.76e-12 1.75e-05 1.00e+00
6.770963e+01 5.988067e+03 1.000000e+04 2.01e-12 1.13e-05 1.00e+00
1.042679e+02 9.221183e+03 1.000000e+04 8.46e-13 7.37e-06 1.00e+00
1.605648e+02 1.419994e+04 1.000000e+04 3.57e-13 4.78e-06 1.00e+00
2.472581e+02 2.186687e+04 1.000000e+04 1.50e-13 3.11e-06 1.00e+00
3.807592e+02 3.367337e+04 1.000000e+04 6.35e-14 2.02e-06 1.00e+00
5.863412e+02 5.185452e+04 1.000000e+04 2.68e-14 1.31e-06 1.00e+00
9.029224e+02 7.985215e+04 1.000000e+04 1.13e-14 8.51e-07 1.00e+00
1.390434e+03 1.229664e+05 1.000000e+04 4.76e-15 5.53e-07 1.00e+00
2.141167e+03 1.893593e+05 1.000000e+04 2.01e-15 3.59e-07 1.00e+00
3.297239e+03 2.915994e+05 1.000000e+04 8.46e-16 2.33e-07 1.00e+00
5.077506e+03 4.490417e+05 1.000000e+04 3.57e-16 1.51e-07 1.00e+00
7.818986e+03 6.914912e+05 1.000000e+04 1.51e-16 9.83e-08 1.00e+00
1.204066e+04 1.064846e+06 1.000000e+04 6.35e-17 6.38e-08 1.00e+00
1.854174e+04 1.639784e+06 1.000000e+04 2.68e-17 4.14e-08 1.00e+00
2.855291e+04 2.525147e+06 1.000000e+04 1.13e-17 2.69e-08 1.00e+00
4.396939e+04 3.888541e+06 1.000000e+04 4.76e-18 1.75e-08 1.00e+00
6.770963e+04 5.988067e+06 1.000000e+04 2.01e-18 1.13e-08 1.00e+00
1.042679e+05 9.221183e+06 1.000000e+04 8.46e-19 7.37e-09 1.00e+00
