U xi T_e I1 I2 I3 I4 I5 I6 I7 I8 I9 I10 I11 I12 I13 I14 I15 I16 I17 I18 I19 I20 I21 I22 I23 I24 I25 I26 I27
1.042679e-10 9.221183e-09 1.000000e+04 1.25e-01 8.72e-01 2.68e-03 1.62e-06 1.51e-10 3.36e-15 2.32e-20 3.09e-23 3.09e-23 3.09e-23 3.09e-23 3.09e-23 3.09e-23 3.09e-23 3.09e-23 3.09e-23 3.09e-23 3.09e-23 3.09e-23 3.09e-23 3.09e-23 3.09e-23 3.09e-23 3.09e-23 3.09e-23 3.09e-23 3.09e-23
1.605648e-10 1.419994e-08 1.000000e+04 1.25e-01 8.71e-01 3.48e-03 2.76e-06 3.37e-10 9.84e-15 8.91e-20 3.09e-23 3.09e-23 3.09e-23 3.09e-23 3.09e-23 3.09e-23 3.09e-23 3.09e-23 3.09e-23 3.09e-23 3.09e-23 3.09e-23 3.09e-23 3.09e-23 3.09e-23 3.09e-23 3.09e-23 3.09e-23 3.09e-23 3.09e-23
2.472581e-10 2.186687e-08 1.000000e+04 1.25e-01 8.71e-01 4.45e-03 4.54e-06 7.14e-10 2.68e-14 3.12e-19 3.09e-23 3.09e-23 3.09e-23 3.09e-23 3.09e-23 3.09e-23 3.09e-23 3.09e-23 3.09e-23 3.09e-23 3.09e-23 3.09e-23 3.09e-23 3.09e-23 3.09e-23 3.09e-23 3.09e-23 3.09e-23 3.09e-23 3.09e-23
3.807592e-10 3.367337e-08 1.000000e+04 1.25e-01 8.70e-01 5.70e-03 7.50e-06 1.52e-09 7.36e-14 1.10e-18 3.09e-23 3.09e-23 3.09e-23 3.09e-23 3.09e-23 3.09e-23 3.09e-23 3.09e-23 3.09e-23 3.09e-23 3.09e-23 3.09e-23 3.09e-23 3.09e-23 3.09e-23 3.09e-23 3.09e-23 3.09e-23 3.09e-23 3.09e-23
5.863412e-10 5.185452e-08 1.000000e+04 1.25e-01 8.68e-01 7.18e-03 1.20e-05 3.07e-09 1.88e-13 3.58e-18 3.09e-23 3.09e-23 3.09e-23 3.09e-23 3.09e-23 3.09e-23 3.09e-23 3.09e-23 3.09e-23 3.09e-23 3.09e-23 3.09e-23 3.09e-23 3.09e-23 3.09e-23 3.09e-23 3.09e-23 3.09e-23 3.09e-23 3.09e-23
9.029224e-10 7.985215e-08 1.000000e+04 1.24e-01 8.67e-01 9.12e-03 1.94e-05 6.36e-09 4.98e-13 1.21e-17 3.09e-23 3.09e-23 3.09e-23 3.09e-23 3.09e-23 3.09e-23 3.09e-23 3.09e-23 3.09e-23 3.09e-23 3.09e-23 3.09e-23 3.09e-23 3.09e-23 3.09e-23 3.09e-23 3.09e-23 3.09e-23 3.09e-23 3.09e-23
1.390434e-09 1.229664e-07 1.000000e+04 1.24e-01 8.65e-01 1.15e-02 3.10e-05 1.29e-08 1.28e-12 3.93e-17 7.34e-23 3.09e-23 3.09e-23 3.09e-23 3.09e-23 3.09e-23 3.09e-23 3.09e-23 3.09e-23 3.09e-23 3.09e-23 3.09e-23 3.09e-23 3.09e-23 3.09e-23 3.09e-23 3.09e-23 3.09e-23 3.09e-23 3.09e-23
2.141167e-09 1.893593e-07 1.000000e+04 1.23e-01 8.62e-01 1.44e-02 4.86e-05 2.53e-08 3.14e-12 1.21e-16 2.84e-22 3.09e-23 3.09e-23 3.09e-23 3.09e-23 3.09e-23 3.09e-23 3.09e-23 3.09e-23 3.09e-23 3.09e-23 3.09e-23 3.09e-23 3.09e-23 3.09e-23 3.09e-23 3.09e-23 3.09e-23 3.09e-23 3.09e-23
3.297239e-09 2.915994e-07 1.000000e+04 1.23e-01 8.59e-01 1.80e-02 7.70e-05 5.06e-08 7.94e-12 3.87e-16 1.14e-21 3.09e-23 3.09e-23 3.09e-23 3.09e-23 3.09e-23 3.09e-23 3.09e-23 3.09e-23 3.09e-23 3.09e-23 3.09e-23 3.09e-23 3.09e-23 3.09e-23 3.09e-23 3.09e-23 3.09e-23 3.09e-23 3.09e-23
5.077506e-09 4.490417e-07 1.000000e+04 1.22e-01 8.55e-01 2.22e-02 1.18e-04 9.60e-08 1.87e-11 1.13e-15 4.13e-21 3.09e-23 3.09e-23 3.09e-23 3.09e-23 3.09e-23 3.09e-23 3.09e-23 3.09e-23 3.09e-23 3.09e-23 3.09e-23 3.09e-23 3.09e-23 3.09e-23 3.09e-23 3.09e-23 3.09e-23 3.09e-23 3.09e-23
7.818986e-09 6.914912e-07 1.000000e+04 1.21e-01 8.51e-01 2.79e-02 1.87e-04 1.93e-07 4.74e-11 3.62e-15 1.68e-20 3.09e-23 3.09e-23 3.09e-23 3.09e-23 3.09e-23 3.09e-23 3.09e-23 3.09e-23 3.09e-23 3.09e-23 3.09e-23 3.09e-23 3.09e-23 3.09e-23 3.09e-23 3.09e-23 3.09e-23 3.09e-23 3.09e-23
1.204066e-08 1.064846e-06 1.000000e+04 1.20e-01 8.45e-01 3.48e-02 2.93e-04 3.80e-07 1.17e-10 1.13e-14 6.56e-20 3.09e-23 3.09e-23 3.09e-23 3.09e-23 3.09e-23 3.09e-23 3.09e-23 3.09e-23 3.09e-23 3.09e-23 3.09e-23 3.09e-23 3.09e-23 3.09e-23 3.09e-23 3.09e-23 3.09e-23 3.09e-23 3.09e-23
1.854174e-08 1.639784e-06 1.000000e+04 1.19e-01 8.37e-01 4.33e-02 4.56e-04 7.41e-07 2.87e-10 3.46e-14 2.52e-19 3.09e-23 3.09e-23 3.09e-23 3.09e-23 3.09e-23 3.09e-23 3.09e-23 3.09e-23 3.09e-23 3.09e-23 3.09e-23 3.09e-23 3.09e-23 3.09e-23 3.09e-23 3.09e-23 3.09e-23 3.09e-23 3.09e-23
2.855291e-08 2.525147e-06 1.000000e+04 1.18e-01 8.29e-01 5.32e-02 6.99e-04 1.41e-06 6.82e-10 1.02e-13 9.29e-19 3.09e-23 3.09e-23 3.09e-23 3.09e-23 3.09e-23 3.09e-23 3.09e-23 3.09e-23 3.09e-23 3.09e-23 3.09e-23 3.09e-23 3.09e-23 3.09e-23 3.09e-23 3.09e-23 3.09e-23 3.09e-23 3.09e-23
4.396939e-08 3.888541e-06 1.000000e+04 1.16e-01 8.17e-01 6.60e-02 1.09e-03 2.77e-06 1.68e-09 3.17e-13 3.62e-18 3.09e-23 3.09e-23 3.09e-23 3.09e-23 3.09e-23 3.09e-23 3.09e-23 3.09e-23 3.09e-23 3.09e-23 3.09e-23 3.09e-23 3.09e-23 3.09e-23 3.09e-23 3.09e-23 3.09e-23 3.09e-23 3.09e-23
6.770963e-08 5.988067e-06 1.000000e+04 1.13e-01 8.04e-01 8.14e-02 1.69e-03 5.39e-06 4.11e-09 9.73e-13 1.40e-17 3.09e-23 3.09e-23 3.09e-23 3.09e-23 3.09e-23 3.09e-23 3.09e-23 3.09e-23 3.09e-23 3.09e-23 3.09e-23 3.09e-23 3.09e-23 3.09e-23 3.09e-23 3.09e-23 3.09e-23 3.09e-23 3.09e-23
1.042679e-07 9.221183e-06 1.000000e+04 1.10e-01 7.88e-01 9.92e-02 2.56e-03 1.02e-05 9.64e-09 2.84e-12 5.07e-17 4.06e-23 3.09e-23 3.09e-23 3.09e-23 3.09e-23 3.09e-23 3.09e-23 3.09e-23 3.09e-23 3.09e-23 3.09e-23 3.09e-23 3.09e-23 3.09e-23 3.09e-23 3.09e-23 3.09e-23 3.09e-23 3.09e-23
1.605648e-07 1.419994e-05 1.000000e+04 1.07e-01 7.67e-01 1.22e-01 3.98e-03 2.00e-05 2.40e-08 8.94e-12 2.02e-16 2.05e-22 3.09e-23 3.09e-23 3.09e-23 3.09e-23 3.09e-23 3.09e-23 3.09e-23 3.09e-23 3.09e-23 3.09e-23 3.09e-23 3.09e-23 3.09e-23 3.09e-23 3.09e-23 3.09e-23 3.09e-23 3.09e-23
2.472581e-07 2.186687e-05 1.000000e+04 1.03e-01 7.42e-01 1.49e-01 6.14e-03 3.91e-05 5.93e-08 2.79e-11 7.98e-16 1.02e-21 3.09e-23 3.09e-23 3.09e-23 3.09e-23 3.09e-23 3.09e-23 3.09e-23 3.09e-23 3.09e-23 3.09e-23 3.09e-23 3.09e-23 3.09e-23 3.09e-23 3.09e-23 3.09e-23 3.09e-23 3.09e-23
3.807592e-07 3.367337e-05 1.000000e+04 9.76e-02 7.12e-01 1.81e-01 9.45e-03 7.61e-05 1.46e-07 8.74e-11 3.16e-15 5.14e-21 3.09e-23 3.09e-23 3.09e-23 3.09e-23 3.09e-23 3.09e-23 3.09e-23 3.09e-23 3.09e-23 3.09e-23 3.09e-23 3.09e-23 3.09e-23 3.09e-23 3.09e-23 3.09e-23 3.09e-23 3.09e-23
5.863412e-07 5.185452e-05 1.000000e+04 9.19e-02 6.78e-01 2.16e-01 1.42e-02 1.43e-04 3.47e-07 2.60e-10 1.18e-14 2.42e-20 3.09e-23 3.09e-23 3.09e-23 3.09e-23 3.09e-23 3.09e-23 3.09e-23 3.09e-23 3.09e-23 3.09e-23 3.09e-23 3.09e-23 3.09e-23 3.09e-23 3.09e-23 3.09e-23 3.09e-23 3.09e-23
9.029224e-07 7.985215e-05 1.000000e+04 8.49e-02 6.35e-01 2.58e-01 2.17e-02 2.83e-04 8.77e-07 8.45e-10 4.93e-14 1.29e-19 3.09e-23 3.09e-23 3.09e-23 3.09e-23 3.09e-23 3.09e-23 3.09e-23 3.09e-23 3.09e-23 3.09e-23 3.09e-23 3.09e-23 3.09e-23 3.09e-23 3.09e-23 3.09e-23 3.09e-23 3.09e-23
1.390434e-06 1.229664e-04 1.000000e+04 7.70e-02 5.84e-01 3.05e-01 3.31e-02 5.54e-04 2.22e-06 2.75e-09 2.07e-13 7.01e-19 3.09e-23 3.09e-23 3.09e-23 3.09e-23 3.09e-23 3.09e-23 3.09e-23 3.09e-23 3.09e-23 3.09e-23 3.09e-23 3.09e-23 3.09e-23 3.09e-23 3.09e-23 3.09e-23 3.09e-23 3.09e-23
2.141167e-06 1.893593e-04 1.000000e+04 6.81e-02 5.26e-01 3.55e-01 4.99e-02 1.09e-03 5.64e-06 9.09e-09 8.89e-13 3.90e-18 3.09e-23 3.09e-23 3.09e-23 3.09e-23 3.09e-23 3.09e-23 3.09e-23 3.09e-23 3.09e-23 3.09e-23 3.09e-23 3.09e-23 3.09e-23 3.09e-23 3.09e-23 3.09e-23 3.09e-23 3.09e-23
3.297239e-06 2.915994e-04 1.000000e+04 5.87e-02 4.61e-01 4.04e-01 7.43e-02 2.12e-03 1.44e-05 3.05e-08 3.91e-12 2.25e-17 1.58e-22 3.09e-23 3.09e-23 3.09e-23 3.09e-23 3.09e-23 3.09e-23 3.09e-23 3.09e-23 3.09e-23 3.09e-23 3.09e-23 3.09e-23 3.09e-23 3.09e-23 3.09e-23 3.09e-23 3.09e-23
5.077506e-06 4.490417e-04 1.000000e+04 4.90e-02 3.90e-01 4.48e-01 1.09e-01 4.11e-03 3.71e-05 1.04e-07 1.77e-11 1.35e-16 1.26e-21 3.09e-23 3.09e-23 3.09e-23 3.09e-23 3.09e-23 3.09e-23 3.09e-23 3.09e-23 3.09e-23 3.09e-23 3.09e-23 3.09e-23 3.09e-23 3.09e-23 3.09e-23 3.09e-23 3.09e-23
7.818986e-06 6.914912e-04 1.000000e+04 3.98e-02 3.17e-01 4.79e-01 1.56e-01 7.92e-03 9.60e-05 3.61e-07 8.25e-11 8.46e-16 1.06e-20 3.09e-23 3.09e-23 3.09e-23 3.09e-23 3.09e-23 3.09e-23 3.09e-23 3.09e-23 3.09e-23 3.09e-23 3.09e-23 3.09e-23 3.09e-23 3.09e-23 3.09e-23 3.09e-23 3.09e-23
1.204066e-05 1.064846e-03 1.000000e+04 3.20e-02 2.48e-01 4.91e-01 2.14e-01 1.46e-02 2.38e-04 1.21e-06 3.71e-10 5.12e-15 8.63e-20 3.09e-23 3.09e-23 3.09e-23 3.09e-23 3.09e-23 3.09e-23 3.09e-23 3.09e-23 3.09e-23 3.09e-23 3.09e-23 3.09e-23 3.09e-23 3.09e-23 3.09e-23 3.09e-23 3.09e-23
1.854174e-05 1.639784e-03 1.000000e+04 2.55e-02 1.82e-01 4.77e-01 2.87e-01 2.73e-02 6.18e-04 4.36e-06 1.86e-09 3.57e-14 8.37e-19 3.09e-23 3.09e-23 3.09e-23 3.09e-23 3.09e-23 3.09e-23 3.09e-23 3.09e-23 3.09e-23 3.09e-23 3.09e-23 3.09e-23 3.09e-23 3.09e-23 3.09e-23 3.09e-23 3.09e-23
2.855291e-05 2.525147e-03 1.000000e+04 2.11e-02 1.27e-01 4.35e-01 3.66e-01 4.92e-02 1.58e-03 1.58e-05 9.54e-09 2.59e-13 8.59e-18 1.03e-22 3.09e-23 3.09e-23 3.09e-23 3.09e-23 3.09e-23 3.09e-23 3.09e-23 3.09e-23 3.09e-23 3.09e-23 3.09e-23 3.09e-23 3.09e-23 3.09e-23 3.09e-23 3.09e-23
4.396939e-05 3.888541e-03 1.000000e+04 1.85e-02 8.49e-02 3.68e-01 4.40e-01 8.49e-02 3.92e-03 5.64e-05 4.92e-08 1.92e-12 9.19e-17 1.59e-21 3.09e-23 3.09e-23 3.09e-23 3.09e-23 3.09e-23 3.09e-23 3.09e-23 3.09e-23 3.09e-23 3.09e-23 3.09e-23 3.09e-23 3.09e-23 3.09e-23 3.09e-23 3.09e-23
6.770963e-05 5.988067e-03 1.000000e+04 1.71e-02 5.70e-02 2.91e-01 4.90e-01 1.36e-01 9.10e-03 1.89e-04 2.38e-07 1.34e-11 9.27e-16 2.32e-20 3.09e-23 3.09e-23 3.09e-23 3.09e-23 3.09e-23 3.09e-23 3.09e-23 3.09e-23 3.09e-23 3.09e-23 3.09e-23 3.09e-23 3.09e-23 3.09e-23 3.09e-23 3.09e-23
1.042679e-04 9.221183e-03 1.000000e+04 1.59e-02 3.83e-02 2.10e-01 5.06e-01 2.09e-01 2.07e-02 6.40e-04 1.20e-06 1.01e-10 1.04e-14 3.85e-19 3.09e-23 3.09e-23 3.09e-23 3.09e-23 3.09e-23 3.09e-23 3.09e-23 3.09e-23 3.09e-23 3.09e-23 3.09e-23 3.09e-23 3.09e-23 3.09e-23 3.09e-23 3.09e-23
1.605648e-04 1.419994e-02 1.000000e+04 1.45e-02 2.72e-02 1.42e-01 4.79e-01 2.93e-01 4.30e-02 1.97e-03 5.50e-06 6.87e-10 1.05e-13 5.80e-18 1.42e-22 3.09e-23 3.09e-23 3.09e-23 3.09e-23 3.09e-23 3.09e-23 3.09e-23 3.09e-23 3.09e-23 3.09e-23 3.09e-23 3.09e-23 3.09e-23 3.09e-23 3.09e-23
2.472581e-04 2.186687e-02 1.000000e+04 1.27e-02 1.99e-02 8.89e-02 4.13e-01 3.77e-01 8.34e-02 5.77e-03 2.42e-05 4.57e-09 1.05e-12 8.77e-17 3.24e-21 3.09e-23 3.09e-23 3.09e-23 3.09e-23 3.09e-23 3.09e-23 3.09e-23 3.09e-23 3.09e-23 3.09e-23 3.09e-23 3.09e-23 3.09e-23 3.09e-23 3.09e-23
3.807592e-04 3.367337e-02 1.000000e+04 1.05e-02 1.47e-02 5.18e-02 3.18e-01 4.40e-01 1.49e-01 1.59e-02 1.03e-04 2.98e-08 1.06e-11 1.36e-15 7.72e-20 3.09e-23 3.09e-23 3.09e-23 3.09e-23 3.09e-23 3.09e-23 3.09e-23 3.09e-23 3.09e-23 3.09e-23 3.09e-23 3.09e-23 3.09e-23 3.09e-23 3.09e-23
5.863412e-04 5.185452e-02 1.000000e+04 8.35e-03 1.10e-02 2.97e-02 2.20e-01 4.56e-01 2.36e-01 3.86e-02 3.85e-04 1.72e-07 9.39e-11 1.86e-14 1.63e-18 5.25e-23 3.09e-23 3.09e-23 3.09e-23 3.09e-23 3.09e-23 3.09e-23 3.09e-23 3.09e-23 3.09e-23 3.09e-23 3.09e-23 3.09e-23 3.09e-23 3.09e-23
9.029224e-04 7.985215e-02 1.000000e+04 6.57e-03 8.39e-03 1.79e-02 1.41e-01 4.20e-01 3.25e-01 8.00e-02 1.20e-03 8.11e-07 6.68e-10 1.99e-13 2.64e-17 1.28e-21 3.09e-23 3.09e-23 3.09e-23 3.09e-23 3.09e-23 3.09e-23 3.09e-23 3.09e-23 3.09e-23 3.09e-23 3.09e-23 3.09e-23 3.09e-23 3.09e-23
1.390434e-03 1.229664e-01 1.000000e+04 5.15e-03 6.46e-03 1.15e-02 8.23e-02 3.43e-01 3.98e-01 1.50e-01 3.44e-03 3.55e-06 4.47e-09 2.04e-12 4.13e-16 3.08e-20 3.09e-23 3.09e-23 3.09e-23 3.09e-23 3.09e-23 3.09e-23 3.09e-23 3.09e-23 3.09e-23 3.09e-23 3.09e-23 3.09e-23 3.09e-23 3.09e-23
2.141167e-03 1.893593e-01 1.000000e+04 4.12e-03 5.11e-03 8.13e-03 4.64e-02 2.50e-01 4.31e-01 2.47e-01 8.67e-03 1.37e-05 2.65e-08 1.85e-11 5.74e-15 6.56e-19 7.30e-23 3.09e-23 3.09e-23 3.09e-23 3.09e-23 3.09e-23 3.09e-23 3.09e-23 3.09e-23 3.09e-23 3.09e-23 3.09e-23 3.09e-23 3.09e-23
3.297239e-03 2.915994e-01 1.000000e+04 3.41e-03 4.20e-03 6.32e-03 2.75e-02 1.68e-01 4.16e-01 3.56e-01 1.89e-02 4.49e-05 1.31e-07 1.38e-10 6.44e-14 1.11e-17 1.86e-21 3.09e-23 3.09e-23 3.09e-23 3.09e-23 3.09e-23 3.09e-23 3.09e-23 3.09e-23 3.09e-23 3.09e-23 3.09e-23 3.09e-23 3.09e-23
5.077506e-03 4.490417e-01 1.000000e+04 2.86e-03 3.50e-03 5.14e-03 1.75e-02 1.04e-01 3.61e-01 4.68e-01 3.79e-02 1.39e-04 6.18e-07 1.00e-09 7.16e-13 1.89e-16 4.86e-20 3.09e-23 3.09e-23 3.09e-23 3.09e-23 3.09e-23 3.09e-23 3.09e-23 3.09e-23 3.09e-23 3.09e-23 3.09e-23 3.09e-23 3.09e-23
7.818986e-03 6.914912e-01 1.000000e+04 2.45e-03 2.99e-03 4.34e-03 1.26e-02 6.26e-02 2.87e-01 5.59e-01 6.93e-02 3.89e-04 2.66e-06 6.60e-09 7.25e-12 2.94e-15 1.16e-18 8.93e-22 3.09e-23 3.09e-23 3.09e-23 3.09e-23 3.09e-23 3.09e-23 3.09e-23 3.09e-23 3.09e-23 3.09e-23 3.09e-23 3.09e-23
1.204066e-02 1.064846e+00 1.000000e+04 2.14e-03 2.60e-03 3.76e-03 1.00e-02 3.87e-02 2.12e-01 6.13e-01 1.16e-01 1.00e-03 1.05e-05 4.02e-08 6.78e-11 4.22e-14 2.56e-17 3.02e-20 8.72e-23 3.09e-23 3.09e-23 3.09e-23 3.09e-23 3.09e-23 3.09e-23 3.09e-23 3.09e-23 3.09e-23 3.09e-23 3.09e-23
1.854174e-02 1.639784e+00 1.000000e+04 1.91e-03 2.32e-03 3.34e-03 8.58e-03 2.60e-02 1.49e-01 6.25e-01 1.81e-01 2.40e-03 3.88e-05 2.27e-07 5.89e-10 5.64e-13 5.26e-16 9.54e-19 4.23e-21 3.09e-23 3.09e-23 3.09e-23 3.09e-23 3.09e-23 3.09e-23 3.09e-23 3.09e-23 3.09e-23 3.09e-23 3.09e-23
2.855291e-02 2.525147e+00 1.000000e+04 1.74e-03 2.12e-03 3.05e-03 7.69e-03 1.95e-02 1.01e-01 5.96e-01 2.64e-01 5.36e-03 1.33e-04 1.20e-06 4.77e-09 7.02e-12 1.01e-14 2.81e-17 1.91e-19 6.01e-22 3.09e-23 3.09e-23 3.09e-23 3.09e-23 3.09e-23 3.09e-23 3.09e-23 3.09e-23 3.09e-23 3.09e-23
4.396939e-02 3.888541e+00 1.000000e+04 1.63e-03 1.98e-03 2.84e-03 7.11e-03 1.62e-02 6.82e-02 5.33e-01 3.57e-01 1.12e-02 4.25e-04 5.88e-06 3.61e-08 8.17e-11 1.80e-13 7.73e-16 8.10e-18 3.91e-20 2.93e-22 3.09e-23 3.09e-23 3.09e-23 3.09e-23 3.09e-23 3.09e-23 3.09e-23 3.09e-23 3.09e-23
6.770963e-02 5.988067e+00 1.000000e+04 1.55e-03 1.88e-03 2.70e-03 6.72e-03 1.46e-02 4.75e-02 4.49e-01 4.53e-01 2.17e-02 1.27e-03 2.70e-05 2.55e-07 8.88e-10 3.01e-12 1.98e-14 3.20e-16 2.38e-18 2.74e-20 1.54e-22 3.09e-23 3.09e-23 3.09e-23 3.09e-23 3.09e-23 3.09e-23 3.09e-23 3.09e-23
1.042679e-01 9.221183e+00 1.000000e+04 1.49e-03 1.81e-03 2.60e-03 6.46e-03 1.37e-02 3.53e-02 3.58e-01 5.37e-01 3.95e-02 3.54e-03 1.16e-04 1.68e-06 8.99e-09 4.69e-11 4.75e-13 1.18e-14 1.35e-16 2.39e-18 2.07e-20 3.09e-23 3.09e-23 3.09e-23 3.09e-23 3.09e-23 3.09e-23 3.09e-23 3.09e-23
1.605648e-01 1.419994e+01 1.000000e+04 1.45e-03 1.76e-03 2.53e-03 6.27e-03 1.31e-02 2.85e-02 2.73e-01 5.97e-01 6.70e-02 9.20e-03 4.62e-04 1.03e-05 8.48e-08 6.80e-10 1.06e-11 4.04e-13 7.11e-15 1.94e-16 2.59e-18 5.61e-21 3.09e-23 3.09e-23 3.09e-23 3.09e-23 3.09e-23 3.09e-23 3.09e-23
2.472581e-01 2.186687e+01 1.000000e+04 1.42e-03 1.72e-03 2.46e-03 6.11e-03 1.27e-02 2.48e-02 2.01e-01 6.20e-01 1.06e-01 2.22e-02 1.71e-03 5.84e-05 7.40e-07 9.13e-09 2.17e-10 1.28e-11 3.46e-13 1.45e-14 2.98e-16 9.97e-19 2.25e-21 3.09e-23 3.09e-23 3.09e-23 3.09e-23 3.09e-23 3.09e-23
3.807592e-01 3.367337e+01 1.000000e+04 1.38e-03 1.68e-03 2.40e-03 5.96e-03 1.24e-02 2.27e-02 1.45e-01 5.99e-01 1.55e-01 4.91e-02 5.77e-03 3.03e-04 5.90e-06 1.12e-07 4.07e-09 3.68e-10 1.54e-11 9.91e-13 3.13e-14 1.61e-16 5.61e-19 4.71e-22 3.09e-23 3.09e-23 3.09e-23 3.09e-23 3.09e-23
5.863412e-01 5.185452e+01 1.000000e+04 1.34e-03 1.63e-03 2.34e-03 5.79e-03 1.20e-02 2.14e-02 1.04e-01 5.32e-01 2.04e-01 9.71e-02 1.74e-02 1.40e-03 4.19e-05 1.22e-06 6.74e-08 9.39e-09 6.02e-10 5.98e-11 2.91e-12 2.30e-14 1.24e-16 1.60e-19 6.95e-22 3.09e-23 3.09e-23 3.09e-23 3.09e-23
9.029224e-01 7.985215e+01 1.000000e+04 1.29e-03 1.57e-03 2.25e-03 5.57e-03 1.15e-02 2.03e-02 7.64e-02 4.28e-01 2.36e-01 1.66e-01 4.52e-02 5.54e-03 2.54e-04 1.13e-05 9.47e-07 2.03e-07 2.00e-08 3.06e-09 2.29e-10 2.79e-12 2.30e-14 4.58e-17 3.07e-19 2.75e-21 2.36e-22 3.09e-23 3.09e-23
1.390434e+00 1.229664e+02 1.000000e+04 1.24e-03 1.50e-03 2.15e-03 5.33e-03 1.10e-02 1.93e-02 5.96e-02 3.13e-01 2.35e-01 2.37e-01 9.64e-02 1.80e-02 1.26e-03 8.50e-05 1.08e-05 3.54e-06 5.36e-07 1.26e-07 1.45e-08 2.72e-10 3.46e-12 1.06e-14 1.09e-16 1.51e-18 1.32e-19 1.07e-22 3.09e-23
2.141167e+00 1.893593e+02 1.000000e+04 1.18e-03 1.43e-03 2.05e-03 5.08e-03 1.05e-02 1.83e-02 5.02e-02 2.18e-01 2.01e-01 2.75e-01 1.65e-01 4.63e-02 4.93e-03 5.05e-04 9.49e-05 4.79e-05 1.11e-05 4.02e-06 7.12e-07 2.06e-08 4.02e-10 1.90e-12 3.01e-14 6.39e-16 5.80e-17 7.25e-20 3.56e-23
3.297239e+00 2.915994e+02 1.000000e+04 1.12e-03 1.37e-03 1.96e-03 4.84e-03 1.00e-02 1.74e-02 4.49e-02 1.57e-01 1.56e-01 2.65e-01 2.27e-01 9.45e-02 1.52e-02 2.33e-03 6.39e-04 4.94e-04 1.75e-04 9.71e-05 2.65e-05 1.18e-06 3.54e-08 2.57e-10 6.28e-12 2.05e-13 1.95e-14 3.76e-17 2.84e-20
5.077506e+00 4.490417e+02 1.000000e+04 1.07e-03 1.30e-03 1.86e-03 4.60e-03 9.52e-03 1.65e-02 4.14e-02 1.24e-01 1.18e-01 2.19e-01 2.53e-01 1.53e-01 3.67e-02 8.28e-03 3.23e-03 3.78e-03 2.03e-03 1.72e-03 7.21e-04 4.93e-05 2.28e-06 2.55e-08 9.62e-10 4.83e-11 4.93e-12 1.46e-14 1.70e-17
7.818986e+00 6.914912e+02 1.000000e+04 9.61e-04 1.17e-03 1.67e-03 4.14e-03 8.56e-03 1.49e-02 3.67e-02 9.98e-02 8.84e-02 1.59e-01 2.26e-01 1.90e-01 6.62e-02 2.13e-02 1.14e-02 1.97e-02 1.57e-02 2.03e-02 1.30e-02 1.37e-03 9.74e-05 1.68e-06 9.72e-08 7.52e-09 8.45e-10 3.86e-12 6.93e-15
1.204066e+01 1.064846e+03 1.000000e+04 6.53e-04 7.94e-04 1.14e-03 2.81e-03 5.82e-03 1.01e-02 2.48e-02 6.40e-02 5.39e-02 8.65e-02 1.35e-01 1.47e-01 7.14e-02 3.14e-02 2.15e-02 5.05e-02 5.65e-02 1.10e-01 1.08e-01 1.74e-02 1.91e-03 5.05e-05 4.51e-06 5.37e-07 6.91e-08 4.85e-10 1.34e-12
1.854174e+01 1.639784e+03 1.000000e+04 3.01e-04 3.66e-04 5.24e-04 1.30e-03 2.68e-03 4.65e-03 1.14e-02 2.85e-02 2.35e-02 3.38e-02 5.19e-02 6.64e-02 4.23e-02 2.38e-02 1.90e-02 5.02e-02 6.86e-02 1.95e-01 2.91e-01 7.23e-02 1.22e-02 4.97e-04 6.83e-05 1.25e-05 1.92e-06 2.08e-08 8.84e-11
2.855291e+01 2.525147e+03 1.000000e+04 1.56e-04 1.89e-04 2.71e-04 6.70e-04 1.39e-03 2.41e-03 5.86e-03 1.45e-02 1.18e-02 1.58e-02 2.28e-02 3.12e-02 2.42e-02 1.64e-02 1.41e-02 3.44e-02 4.46e-02 1.74e-01 3.93e-01 1.50e-01 3.87e-02 2.43e-03 5.14e-04 1.45e-04 2.78e-05 4.64e-07 3.04e-09
4.396939e+01 3.888541e+03 1.000000e+04 1.05e-04 1.28e-04 1.84e-04 4.54e-04 9.40e-04 1.63e-03 3.96e-03 9.67e-03 7.84e-03 1.01e-02 1.38e-02 1.90e-02 1.69e-02 1.31e-02 1.19e-02 2.64e-02 2.50e-02 1.17e-01 3.91e-01 2.28e-01 9.03e-02 8.71e-03 2.84e-03 1.23e-03 3.09e-04 7.93e-06 8.00e-08
6.770963e+01 5.988067e+03 1.000000e+04 8.24e-05 1.00e-04 1.43e-04 3.55e-04 7.34e-04 1.27e-03 3.09e-03 7.50e-03 6.07e-03 7.68e-03 1.01e-02 1.36e-02 1.31e-02 1.12e-02 1.06e-02 2.30e-02 1.51e-02 6.69e-02 3.14e-01 2.78e-01 1.69e-01 2.50e-02 1.25e-02 8.39e-03 2.87e-03 1.13e-04 1.76e-06
1.042679e+02 9.221183e+03 1.000000e+04 6.51e-05 7.91e-05 1.13e-04 2.80e-04 5.80e-04 1.01e-03 2.44e-03 5.89e-03 4.76e-03 5.95e-03 7.61e-03 1.00e-02 1.02e-02 9.31e-03 9.11e-03 1.99e-02 1.03e-02 3.33e-02 1.98e-01 2.63e-01 2.43e-01 5.52e-02 4.27e-02 4.40e-02 2.12e-02 1.29e-03 3.08e-05
1.605648e+02 1.419994e+04 1.000000e+04 4.23e-05 5.14e-05 7.36e-05 1.82e-04 3.77e-04 6.53e-04 1.58e-03 3.82e-03 3.08e-03 3.82e-03 4.82e-03 6.23e-03 6.53e-03 6.23e-03 6.23e-03 1.38e-02 6.50e-03 1.39e-02 8.55e-02 1.65e-01 2.29e-01 8.00e-02 9.52e-02 1.51e-01 1.05e-01 9.86e-03 3.63e-04
2.472581e+02 2.186687e+04 1.000000e+04 1.77e-05 2.15e-05 3.08e-05 7.61e-05 1.58e-04 2.73e-04 6.63e-04 1.59e-03 1.29e-03 1.59e-03 1.98e-03 2.53e-03 2.70e-03 2.65e-03 2.69e-03 6.01e-03 2.75e-03 4.37e-03 2.12e-02 5.59e-02 1.15e-01 6.15e-02 1.13e-01 2.76e-01 2.83e-01 4.08e-02 2.32e-03
3.807592e+02 3.367337e+04 1.000000e+04 4.97e-06 6.05e-06 8.65e-06 2.14e-05 4.43e-05 7.68e-05 1.86e-04 4.47e-04 3.61e-04 4.44e-04 5.52e-04 6.97e-04 7.53e-04 7.55e-04 7.72e-04 1.74e-03 7.86e-04 1.09e-03 3.55e-03 1.12e-02 3.34e-02 2.72e-02 7.66e-02 2.88e-01 4.44e-01 9.85e-02 8.61e-03
5.863412e+02 5.185452e+04 1.000000e+04 1.17e-06 1.42e-06 2.03e-06 5.03e-06 1.04e-05 1.80e-05 4.37e-05 1.05e-04 8.47e-05 1.04e-04 1.29e-04 1.61e-04 1.76e-04 1.78e-04 1.84e-04 4.15e-04 1.87e-04 2.45e-04 5.57e-04 1.77e-03 7.19e-03 8.84e-03 3.84e-02 2.23e-01 5.18e-01 1.77e-01 2.38e-02
9.029224e+02 7.985215e+04 1.000000e+04 2.53e-07 3.07e-07 4.40e-07 1.09e-06 2.25e-06 3.91e-06 9.47e-06 2.27e-05 1.83e-05 2.25e-05 2.78e-05 3.47e-05 3.79e-05 3.88e-05 4.01e-05 9.10e-05 4.09e-05 5.26e-05 9.50e-05 2.57e-04 1.31e-03 2.42e-03 1.62e-02 1.44e-01 5.10e-01 2.69e-01 5.57e-02
1.390434e+03 1.229664e+05 1.000000e+04 5.12e-08 6.22e-08 8.91e-08 2.20e-07 4.56e-07 7.91e-07 1.92e-06 4.60e-06 3.71e-06 4.55e-06 5.61e-06 6.98e-06 7.66e-06 7.88e-06 8.16e-06 1.86e-05 8.33e-06 1.06e-05 1.71e-05 3.72e-05 2.10e-04 5.76e-04 5.93e-03 8.16e-02 4.40e-01 3.57e-01 1.14e-01
2.141167e+03 1.893593e+05 1.000000e+04 9.58e-09 1.16e-08 1.67e-08 4.12e-08 8.53e-08 1.48e-07 3.59e-07 8.59e-07 6.94e-07 8.50e-07 1.05e-06 1.30e-06 1.43e-06 1.48e-06 1.53e-06 3.49e-06 1.56e-06 1.99e-06 3.04e-06 5.48e-06 3.01e-05 1.20e-04 1.91e-03 4.05e-02 3.34e-01 4.18e-01 2.05e-01
3.297239e+03 2.915994e+05 1.000000e+04 1.64e-09 1.99e-09 2.85e-09 7.05e-09 1.46e-08 2.53e-08 6.13e-08 1.47e-07 1.19e-07 1.45e-07 1.79e-07 2.22e-07 2.44e-07 2.53e-07 2.62e-07 5.98e-07 2.68e-07 3.41e-07 5.08e-07 8.10e-07 3.90e-06 2.22e-05 5.42e-04 1.77e-02 2.24e-01 4.31e-01 3.26e-01
5.077506e+03 4.490417e+05 1.000000e+04 2.55e-10 3.10e-10 4.44e-10 1.10e-09 2.27e-09 3.94e-09 9.56e-09 2.29e-08 1.85e-08 2.26e-08 2.79e-08 3.46e-08 3.80e-08 3.94e-08 4.10e-08 9.34e-08 4.18e-08 5.32e-08 7.83e-08 1.17e-07 4.63e-07 3.64e-06 1.37e-04 6.87e-03 1.34e-01 3.97e-01 4.62e-01
7.818986e+03 6.914912e+05 1.000000e+04 3.67e-11 4.46e-11 6.38e-11 1.58e-10 3.27e-10 5.67e-10 1.37e-09 3.29e-09 2.66e-09 3.25e-09 4.01e-09 4.96e-09 5.46e-09 5.67e-09 5.89e-09 1.34e-08 6.02e-09 7.65e-09 1.12e-08 1.61e-08 5.19e-08 5.41e-07 3.13e-05 2.42e-03 7.26e-02 3.31e-01 5.94e-01
1.204066e+04 1.064846e+06 1.000000e+04 4.94e-12 6.00e-12 8.59e-12 2.13e-11 4.40e-11 7.63e-11 1.85e-10 4.43e-10 3.58e-10 4.38e-10 5.39e-10 6.68e-10 7.35e-10 7.64e-10 7.94e-10 1.81e-09 8.11e-10 1.03e-09 1.50e-09 2.12e-09 5.62e-09 7.44e-08 6.64e-06 7.90e-04 3.64e-02 2.56e-01 7.07e-01
1.854174e+04 1.639784e+06 1.000000e+04 6.33e-13 7.70e-13 1.10e-12 2.73e-12 5.64e-12 9.78e-12 2.37e-11 5.68e-11 4.58e-11 5.61e-11 6.91e-11 8.56e-11 9.42e-11 9.79e-11 1.02e-10 2.32e-10 1.04e-10 1.32e-10 1.92e-10 2.70e-10 6.03e-10 9.68e-09 1.33e-06 2.44e-04 1.73e-02 1.87e-01 7.95e-01
2.855291e+04 2.525147e+06 1.000000e+04 7.84e-14 9.53e-14 1.36e-13 3.38e-13 6.98e-13 1.21e-12 2.94e-12 7.03e-12 5.68e-12 6.95e-12 8.56e-12 1.06e-11 1.17e-11 1.21e-11 1.26e-11 2.88e-11 1.29e-11 1.63e-11 2.37e-11 3.32e-11 6.50e-11 1.21e-09 2.56e-07 7.22e-05 7.89e-03 1.31e-01 8.61e-01
4.396939e+04 3.888541e+06 1.000000e+04 9.48e-15 1.15e-14 1.65e-14 4.08e-14 8.45e-14 1.46e-13 3.55e-13 8.50e-13 6.87e-13 8.40e-13 1.03e-12 1.28e-12 1.41e-12 1.47e-12 1.53e-12 3.48e-12 1.56e-12 1.98e-12 2.87e-12 4.01e-12 7.09e-12 1.47e-10 4.79e-08 2.08e-05 3.50e-03 8.99e-02 9.07e-01
6.770963e+04 5.988067e+06 1.000000e+04 1.13e-15 1.37e-15 1.96e-15 4.86e-15 1.01e-14 1.74e-14 4.23e-14 1.01e-13 8.17e-14 1.00e-13 1.23e-13 1.52e-13 1.68e-13 1.75e-13 1.82e-13 4.15e-13 1.86e-13 2.35e-13 3.41e-13 4.76e-13 7.84e-13 1.76e-11 8.82e-09 5.91e-06 1.53e-03 6.04e-02 9.38e-01
1.042679e+05 9.221183e+06 1.000000e+04 1.33e-16 1.62e-16 2.31e-16 5.72e-16 1.18e-15 2.05e-15 4.98e-15 1.19e-14 9.63e-15 1.18e-14 1.45e-14 1.80e-14 1.98e-14 2.06e-14 2.14e-14 4.88e-14 2.19e-14 2.77e-14 4.01e-14 5.61e-14 8.77e-14 2.08e-12 1.60e-09 1.65e-06 6.59e-04 4.01e-02 9.59e-01
